0
2 354.000000 297.000000 4.000000 -4.000000 3.000000 -1
3 1407.599976 345.779999 0.000000 0.000000 2.000000 -65536
1 579.359985 343.739990 0.000000 0.000000 2.000000 -8355712
1 620.159973 523.260010 0.000000 0.000000 2.000000 -8355712
1 646.679993 164.220001 0.000000 0.000000 2.000000 -8355712
5 186.000000 307.000000 180.000000 301.000000 0.000000 -256
5 202.000000 303.000000 236.000000 353.000000 0.000000 -256
5 248.000000 359.000000 714.000000 397.000000 0.000000 -256
5 712.000000 173.000000 716.000000 379.000000 0.000000 -256
