3
1 0.000000 230.000000 0.000000 0.000000 2.000000 -8355712
2 743.000000 477.000000 25.000000 0.000000 3.000000 -1
1 1111.000000 642.000000 0.000000 0.000000 4.000000 -8355712
1 662.000000 799.000000 0.000000 0.000000 4.000000 -8355712
1 305.000000 502.000000 0.000000 0.000000 2.000000 -8355712
1 375.000000 760.000000 0.000000 0.000000 4.000000 -8355712
1 794.000000 299.000000 0.000000 0.000000 2.000000 -8355712
5 638.000000 698.000000 588.000000 396.000000 0.000000 -256
3 516.119995 514.080017 0.000000 0.000000 2.000000 -65536
